1525165
1805816
1857727
1934391
1995604
1995605
1995606
1995607
1995608
1995609
1995610
1995611
1995612
1995613
1995614
1995615
1995616
1995617
1995618
1995619
1995621
2065883
2080759
2137937
2242812
2262153
2265544
2270805
2274885
2275796
2324080
2359870
2362067
2367449
2367461
2377340
2430944
2432033
2440952
2453612
2453613
2464715
2465799
2488373
2494626
2494677
2494685
2522269
2536504
2551699
2565692
2566815
2570409
2570412
2570675
2583911
2596965
2597743
2606889
2607021
2607550
2613033
2613537
2614123
2628627
2628730
2628735
2631150
2639349
2643048
2644817
2650282
2650681
2652107
2652834
2652837
2661236
2664147
2669797
2674055
2674219
2678927
2679414
2682673
2682674
2683940
2685752
2689651
2692849
2694689
2695005
2695778
2696028
2696823
2699027
2699880
2700850
2701449
2704957
2714112
2714115
2717726
2718700
2719581
2719916
2722731
2729370
2729669
2730014
2730565
2735651
2745122
2745562
2750235
2752455
2758148
2758866
2761746
2766838
2768169
2770319
2772655
2775422
2777390
2777973
2778265
2781107
2783489
2787725
2789927
2791220
2792712
2792725
2793269
2794362
2795874
2795880
2795881
2795891
2795892
2795897
2795913
2795926
2795929
2795937
2795940
2795984
2795987
2795991
2795994
2797846
2803042
2803166
2809960
2816610
2817013
2818850
2820243
2820513
2820522
2824763
2828499
2828649
2829062
2834352
2842298
2845611
2845877
2848223
2848550
2850197
2854040
2854120
2855870
2858696
2861686
2862164
2867786
2869325
2871387
2872668
2880558
2883339
2883588
2887079
2888798
2888856
2888895
2889014
2890666
2891163
2891673
2891809
2891811
2892427
2892941
2893242
2894790
2901337
2904701
2908678
2908705
2909150
2911051
2911071
2911910
2912284
2913472
2914299
2915922
2916850
2917784
2923561
2923807
2927535
2930111
2933507
2934739
2936521
2939779
2940731
2944795
2944798
2945049
2946914
2946966
2947317
2947401
2948563
2951352
2951861
2953742
2955183
2958466
2958689
2958814
2963542
2963559
2964313
2964510
2965099
2965662
2965747
2965750
2965757
2965799
2980484
2981079
2981526
2984505
2987837
2987930
2991006
2992787
2992848
2996314
3000672
3001111
3002281
3005904
3007743
3008720
3009391
3009392
3009678
3014648
3016905
3017115
3018764
3019124
3019286
3024044
3024262
3025914
3027088
3027598
3028368
3028370
3029251
3031575
3031883
3033184
3035668
3035795
3036586
3036731
3037413
3037415
3037841
3040188
3040659
3040731
3042372
3044744
3045405
3046166
3049891
3052446
3053321
3057573
3058725
3060064
3060072
3060075
3061953
3063986
3064107
3069025
3071550
3071630
3072366
3072371
3074069
3076615
3077384
3079188
3079521
3080853
3080860
3080863
3080865
3083416
3084173
3084233
3084240
3084508
3084597
3085784
3087448
3089633
3090190
3090745
3091863
3092088
3092928
3093386
3095478
3098839
3098846
3100391
3102736
3102788
3107194
3108953
3111411
3114196
3116488
3116833
3121750
3125476
3125495
3128095
3128098
3128100
3128101
3128106
3128111
3128114
3130038
3131285
3131287
3135421
3135724
3136436
3136483
3136515
3140560
3140987
3141012
3141432
3141757
3142072
3142887
3145614
3145627
3148553
3150445
3150451
3153161
3153352
3153387
3154440
3157442
3157732
3158052
3158795
3159552
3161336
3162025
3163514
3166909
3169523
3169529
3169538
3169805
3172930
3174168
3176767
3177649
3179441
3179901
3181335
3181946
3183083
3184087
3188544
3188559
3190329
3191406
3192835
3192952
3193372
3194648
3197672
3202571
3203198
3207930
3207998
3208576
3209466
3209826
3210123
3210160
3212531
3213201
3215720
3217192
3219074
3220662
3220685
3223160
3223210
3223402
3227560
3228821
3228826
3229479
3234215
3234219
3234276
3242065
3243668
3246488
3246490
3247258
3249198
3250464
3251256
3252611
3256134
3257853
3266269
3266417
3266455
3266877
3266885
3267376
3268591
3268595
3268734
3270041
3272375
3272435
3276159
3277088
3280302
3280307
3280968
3281844
3282821
3284313
3285513
3285587
3285588
3285683
3286457
3287479
3287960
3288642
3288728
3292554
3292576
3296006
3296014
3296486
3297573
3299192
3303115
3303857
3305333
3305343
3305829
3305893
3306855
3309462
3309471
3309493
3313922
3314660
3315455
3315470
3315559
3316547
3317653
3321023
3322123
3323633
3324410
3324559
3325226
3329377
3331741
3331859
3335090
3338195
3338726
3338756
3338864
3340926
3343041
3343074
3348917
3349540
3349734
3349742
3351427
3355265
3356398
3356560
3357346
3357427
3357436
3358621
3359349
3359971
3360662
3360735
3362572
3363196
3364959
3364960
3365030
3365256
3365260
3366937
3366971
3367202
3369141
3369937
3369958
3370100
3371103
3375062
3375283
3378527
3380020
3380840
3382217
3383544
3386481
3388904
3389832
3390321
3390371
3390381
3390407
3393625
3395392
3395595
3400150
3400549
3400553
3400731
3402303
3402313
3404082
3407509
3408643
3410530
3410623
3413660
3415454
3418496
3420921
3423410
3426779
3427729
3428296
3429486
3430705
3432668
3433332
3433394
3439036
3439080
3439608
3439981
3441666
3441677
3441678
3441730
3442244
3442958
3443899
3445021
3445408
3446466
3446495
3447939
3457986
3458859
3458872
3459817
3459818
3459833
3459973
3461045
3465315
3468375
3469791
3470545
3471395
3471913
3475673
3475696
3475710
3476390
3477105
3480684
3480808
3482415
3482684
3485007
3485197
3485370
3487879
3490334
3491803
3491843
3492804
3494378
3494788
3498243
3501245
3510026
3510037
3510312
3510344
3513027
3516534
3517599
3519690
3521387
3522587
3524237
3526061
3527213
3527416
3534234
3536959
3537668
3543790
3547223
3547842
3551945
3558516
3558725
3564946
3565207
3565774
3565814
3566893
3570714
3572953
3573113
3573965
3574042
3575474
3580778
3581193
3581206
3585144
3585353
3585721
3589333
3589405
3589422
3591001
3591373
3594606
3595708
3596339
3596442
3596848
3596849
3601080
3601404
3602449
3602599
3603435
3605054
3605137
3605224
3605761
3605762
3606368
3606943
3607485
3607593
3607886
3612051
3614558
3616862
3617189
3619272
3620157
3631168
3632563
3634031
3634811
3636649
3639261
3642778
3646817
3647245
3648687
3652032
3652417
3653403
3655956
3659060
3660448
3661459
3661596
3661739
3663751
3664012
3664369
3664521
3673707
3674993
3675057
3677861
3677999
3679924
3680037
3680438
3681036
3681825
3681980
3686253
3686260
3686263
3688762
3688878
3689744
3691951
3694109
3694490
3695871
3699653
3702420
3702579
3704235
3704782
3706442
3706515
3706771
3708345
3708719
3709896
3715547
3717803
3720913
3722904
3723486
3723511
3723635
3723930
3728203
3729833
3729927
3732286
3733595
3733963
3737240
3738539
3739472
3742587
3744443
3744548
3746253
3749866
3749935
3753407
3759132
3759580
3762924
3762929
3765450
3765944
3766418
3767824
3772043
3772989
3774416
3776545
3783369
3784826
3789744
3792694
3792696
3793630
3794088
3795398
3797071
3810676
3810947
3811986
3812324
3812881
3813579
3819377
3820131
3820602
3823686
3825282
3826323
3826386
3827149
3827979
3829086
3832895
3832942
3835914
3836481
3838666
3840115
3841155
3847941
3849560
3849932
3851471
3852189
3854669
3857948
3858365
3860258
3863993
3865158
3866106
3867747
3868048
3871580
3871583
3872258
3872290
3873034
3873433
3875415
3879060
3879203
3883996
3891868
3894567
3896349
3897378
3901032
3901720
3902040
3905014
3905728
3907038
3907339
3907358
3908370
3910497
3916240
3916361
3920464
3921107
3923000
3923276
3923972
3925254
3930510
3930546
3931564
3932405
3937134
3938410
3940426
3940609
3940728
3941038
3942516
3944098
3944635
3945113
3948067
3948475
3948621
3952518
3952826
3953533
3955626
3956676
3956742
3958956
3968243
3973018
3973353
3973700
3974641
3976328
3976329
3978511
3978735
3979657
3982896
3986694
3988049
3988150
3989171
3990600
3991192
3998787
3999194
4001410
4006731
4008486
4011736
4011843
4014188
4014590
4014897
4015657
4019271
4021249
4021719
4022491
4028258
4029857
4030784
4031635
4031637
4032272
4033708
4034583
4038519
4038833
4039436
4041123
4041996
4048279
4050975
4059884
4060376
4062071
4062466
4063697
4065260
4068797
4069013
4070196
4074058
4074274
4076321
4076329
4077649
4084811
4091794
4092067
4099216
4103672
4104112
4114547
4117446
4117451
4117722
4121205
4121324
4121957
4122416
4122466
4123854
4124521
4128749
4132588
4134007
4139850
4143671
4143689
4143726
4143757
4146590
4146673
4150131
4156543
4159153
4162603
4165772
4167656
4168835
4169222
4169380
4169415
4175587
4177225
4177327
4179508
4179509
4180905
4183565
4183976
4185105
4187503
4189926
4191666
4195606
4203717
4209352
4213311
4213349
4215164
4215346
4218806
4220079
4220464
4221031
4222365
4226560
4229211
4230517
4231023
4231111
4235428
4249871
4250049
4250976
4251181
4257683
4258092
4262412
4263376
4268499
4269184
4270463
4272267
4273036
4273037
4274065
4274808
4276094
4276614
4277270
4280220
4281156
4284402
4285161
4286270
4287344
4287989
4294637
4298256
4302297
4305028
4307976
4308067
4308645
4309441
4309466
4311266
4311707
4314768
4315134
4317498
4319152
4320806
4327416
4328144
4330254
4330260
4334615
4335459
4338562
4340086
4345921
4350516
4354074
4356593
4356746
4357422
4358943
4363491
4364715
4365001
4365504
4366224
4366514
4370488
4370697
4374966
4380208
4380462
4383163
4388640
4392805
4395394
4395400
4396373
4401557
4403348
4404072
4404227
4405269
4406292
4407862
4409015
4411784
4412535
4412973
4414175
4417236
4422072
4422106
4422849
4423838
4424375
4425568
4429476
4430294
4430676
4431169
4433014
4434179
4434540
4436166
4436168
4437446
4438486
4444291
4447786
4448541
4450050
4451186
4452656
4453857
4454153
4455110
4456164
4458882
4459396
4462077
4462605
4462608
4462610
4466179
4469798
4469997
4470685
4474914
4476619
4478534
4479022
4480884
4484708
4488845
4490250
4491307
4491814
4491859
4495261
4501220
4501298
4503355
4504925
4505843
4506516
4507183
4508258
4509719
4512629
4513545
4516305
4520746
4521269
4522619
4529186
4531200
4537268
4537383
4538850
4539304
4539975
4540762
4544058
4546081
4546650
4549309
4549549
4549775
4550433
4551475
4554442
4557132
4557485
4561059
4564198
4564946
4572072
4572074
4573220
4573764
4574809
4580585
4580981
4581602
4581711
4583245
4583484
4584317
4586138
4589222
4589439
4589895
4591371
4592257
4593935
4595747
4596110
4599427
4600760
4602265
4603946
4608132
4608705
4608754
4608790
4612696
4617056
4619060
4625034
4627580
4633711
4633722
4634155
4634848
4636147
4639776
4656823
4658008
4658192
4660891
4663496
4666579
4667278
4667629
4668236
4668589
4668640
4669597
4669662
4672701
4673997
4682938
4683064
4684912
4685389
4686062
4687843
4698720
4703831
4703860
4706112
4706156
4707536
4717209
4717396
4718049
4722694
4724138
4726092
4726286
4727098
4729819
4729868
4731142
4731307
4731688
4735517
4735748
4738362
4740183
4740766
4740779
4740817
4740877
4741898
4742305
4745342
4748111
4751159
4751621
4753676
4754044
4763273
4766012
4766491
4766752
4767573
4769299
4773514
4776370
4780701
4786869
4786871
4794124
4794412
4801852
4814136
4814583
4814826
4818944
4819613
4820539
4821694
4823264
4836090
4837217
4837538
4845763
4845992
4846317
4848212
4848547
4853421
4854908
4858216
4858728
4865831
4869698
4870380
4872418
4872426
4872428
4872459
4873129
4874031
4874577
4876992
4877381
4879189
4885165
4893124
4895015
4895966
4897688
4900668
4901105
4901478
4904514
4907283
4908686
4911058
4915548
4917107
4928990
4930126
4931285
4931920
4933364
4936310
4938657
4940340
4941146
4941176
4943273
4943503
4944165
4945165
4947384
4951402
4956656
4957485
4957757
4960294
4962376
4962463
4962516
4965170
4965706
4969609
4970971
4973994
4975467
4975513
4978889
4978985
4979022
4980020
4980483
4981989
4982482
4986331
4986946
4992160
4993481
4995544
4996485
4999139
4999243
5007100
5007453
5008149
5008293
5013019
5013272
5015044
5015118
5015357
5017755
5021356
5025747
5027902
5034008
5036513
5037629
5053355
5053356
5053363
